55304
55308
55310
55311
55313
55316
55317
55318
55320
55321
55322
55323
55324
55501
55502
55504
55505
55506
55507
55510
55513
55514
55519
55520
55521
55523
55525
55526
55527
55536
55540
55541
55542
55543
55546
55548
55549
55550
55553
55555
55556
55557
55559
55560
55561
55563
55568
55569
55570
55571
55572
55573
55575
55576
55577
55578
55579
55580
55581
55582
55583
55584
55585
56608
56612
56722
56723
56724
56725
56726
56727
56730
56731
56732
56733
56734
56735
56736
56737
56741
56746
56758
56759
56791
56792
56794
56795
56816
56849
56851
56856
56858
56868
56875
56877
56885
56889
56900
56901
56902
56903
56924
56925
57054
57060
57061
57063
57064
57066
57067
57068
57077
57078
57277
57278
57279
57280
57282
57284
57285
57288
57291
57292
57306
57307
57308
57313
57503
57504
57509
57519
57550
57551
57674
57676
57751
57753
57759
57762
57763
57764
57766
57769
57770
57771
57773
57774
57775
57777
57788
57791
57792
57793
57801
57803
57810
57812
57816
57817
57823
57824
57825
57834
57839
57840
57845
57850
57851
57852
57858
57861
57864
57865
57866
57867
57870
57871
57872
57873
57874
57876
57943
57949
57950
57951
57953
57954
57956
57958
57963
57965
57966
57967
57970
57971
57972
57974
57976
57978
57980
57983
57984
57988
57989
57991
57995
57996
57999
58000
58005
58006
58025
58026
58027
58028
58029
58030
58031
58032
58033
58035
58036
58083
58160
58162
58163
58225
58226
58227
58228
58229
58230
58232
58234
58236
58237
58252
58254
58255
58256
58257
58258
58259
58261
58264
58265
58266
58267
58268
58269
58300
58301
58302
58303
58304
58305
58306
58309
58313
58314
58315
58318
58321
58324
58326
58327
58328
58329
58330
58331
58332
58333
58334
58335
58336
58338
58339
58361
58362
58363
58364
58365
58366
58368
58369
58370
58371
58373
58376
58377
58378
58379
58493
58525
58567
58626
58632
